-0.127603590937374 0.076863729694263 -0.0919315370030324 -0.0548904514588071 0.0787102374744876 0.041899581269771 0.00711182338582364
-0.103571244956046 0.0569765131824999 -0.0581040553831343 -0.0415162861880301 0.0570825070497238 0.0289659135836908 -0.0136452394097696
-0.100592691646195 0.0517778055657572 -0.0517967156158692 -0.0378907701684933 0.0516430036083542 0.0291249961185021 -0.013115920471953
-0.121271216156959 0.0607564031585697 -0.0758740970228201 -0.0414705920572223 0.0573282455807139 0.0268901638527918 0.00307590260871453
-0.119821185396603 0.0651277038026203 -0.0744392957338865 -0.0443015420297901 0.059956244279289 0.0332806306946239 0.0039908555342235
-0.108987894936952 0.0621191241960066 -0.0664238241909803 -0.0476949848840542 0.0729224818527021 0.0370214068402231 -0.0142041206418853
-0.122111417895778 0.0706661646266399 -0.0823736952907689 -0.0481222743469573 0.066971588951731 0.0343195954194896 0.00391136916393553
-0.122336304752223 0.0720945155514369 -0.0822552799915631 -0.0511093461422186 0.064621830931653 0.0353779179955791 0.00337279203414793
-0.119675897228666 0.0658667785715965 -0.0767044846666733 -0.0418812184743092 0.0635314992423597 0.0304610496793819 0.0044034076589955
-0.120447725923732 0.0652558333812782 -0.0776477752755961 -0.0435080017251837 0.0574222213948852 0.0305952055337055 0.00144233644486428
-0.101061581695246 0.0519571497812463 -0.0536883851198579 -0.0350735954747009 0.04931749266552 0.0264050773664052 -0.0142669613459137
-0.127158256478664 0.0762455574194148 -0.091191336415044 -0.0548109589111678 0.0795262727858653 0.0421014707682942 0.00814134780405177
-0.103662963169543 0.0572283895350321 -0.056431628871378 -0.0364600376470708 0.0530642938440359 0.0259817765445293 -0.0114834263290713
-0.102648004488221 0.0528713523013438 -0.0542681440159944 -0.0368166864938239 0.0525001231308313 0.0262287121567227 -0.0130520017608498
-0.102037867470027 0.05889582326434 -0.0569936392119652 -0.0396535815880501 0.0548208174776156 0.0318564099583099 -0.0115911756346525
-0.105282662574349 0.05445029698879 -0.0583874782929047 -0.0399140048288507 0.0546787174132482 0.0322380268422607 -0.0102791994647856
-0.108257999208864 0.0623465631993532 -0.0665164206188953 -0.049418929135104 0.074127584036731 0.0359118966743421 -0.021843640110356
-0.109146435478877 0.0623210779974897 -0.0668595284540747 -0.0480142139159048 0.0728977367371621 0.0371007300652751 -0.0146127424710359
-0.109269337000644 0.0628177505741332 -0.0658238196931286 -0.0491976977412801 0.0694502168841039 0.0344300075626482 -0.0227865631291142
-0.1013870949948 0.0504194060333552 -0.0529397593463074 -0.0367988611367015 0.0554054365968396 0.031554974621008 -0.0131915857110851
0.0824977685023982 -0.035748113554898 -0.0800659978462177 -0.0716211763292266 -0.0104807369396821 -0.117511461395643 -0.20304594966519
0.0829928461109742 -0.0347872418022598 -0.0785268301680261 -0.0734197463482703 -0.00470788723357387 -0.11891143677125 -0.196497765412509
0.0823512567912607 -0.0306986924649447 -0.077998858643202 -0.0692825714676572 -0.00707258978137713 -0.114558700944655 -0.20126325227756
0.0829161617868724 -0.0343857442272203 -0.0786957978050576 -0.0712506019646072 -0.00739780914722826 -0.113134533631461 -0.198263657069879
0.082872184953605 -0.0364241369582467 -0.076536612789953 -0.0736118236007921 -0.00505658968994799 -0.116962473813151 -0.185220277448211
0.0825684803987744 -0.0357004033370204 -0.0759787237654375 -0.070678706331147 -0.00750021917668032 -0.117199472593213 -0.202382066807124
0.083531373404534 -0.0343977305189532 -0.0796066635611788 -0.0700947059856084 -0.00848134652649079 -0.11799048688885 -0.198386218633541
0.0817213292966081 -0.0338711852416329 -0.0774140323746939 -0.0722049393537831 -0.0113948184556312 -0.116028799850764 -0.200861191778146
0.082634470027692 -0.0346444828760904 -0.0760043983852546 -0.0736310045328173 -0.00597905656774351 -0.113735509480999 -0.198223037893015
-0.125006539461475 -0.138463419796375 0.0247745890264357 0.136496165072582 -0.114697123266647 -0.122961373387089 0.0205973187335365
-0.126501658078362 -0.132845870695569 0.0215049516671554 0.137610726575396 -0.113150243908015 -0.125137116243726 0.0217096516606391
-0.125515128096988 -0.135120162577064 0.0198851865401096 0.136976752935066 -0.111547256221036 -0.123849876307774 0.0240096895986003
-0.126359061775128 -0.133974237121046 0.0213868936419538 0.135426967337937 -0.115480917306397 -0.124049836107931 0.0187801775782472
-0.126649107288798 -0.130928873548486 0.0187465574349497 0.132590093042796 -0.111744143027577 -0.121841345300959 0.0208017292909905
-0.127269087517646 -0.130887897336789 0.0180920771830156 0.135906950052151 -0.111016251969547 -0.122238494473107 0.0214635884504071
-0.124254387171053 -0.135411560517442 0.0240995019716696 0.134703083107544 -0.112486639708886 -0.120195781383048 0.0173096282041664
-0.124071046008737 -0.136650423858604 0.0234416557809467 0.137301778268892 -0.114284898455625 -0.12153399629419 0.0191842130207415
-0.128502644550252 -0.132798623201645 0.0182679084050212 0.135063413828597 -0.112640251412681 -0.122844807625723 0.0204093856972554
0.0796935077889692 0.0161554355906734 -0.0921416679043702 0.0974858337108266 -0.104127989903994 0.151010215444691 -0.00385907792701071
0.0795507027312405 0.0207968295421311 -0.0965943901273958 0.10905594093565 -0.109343889146603 0.160198460493778 -0.0128125257019419
0.0819572129772886 0.0145009357835443 -0.0996833905299503 0.0970752129709049 -0.0992159800882704 0.148121353482783 -0.00925839901024309
0.0813360088411614 0.0090680586513569 -0.0982661509759892 0.0897050973318379 -0.104770520990967 0.144505196776308 -0.00291676895259069
0.07798943947287 0.0168890288726949 -0.0894453964009948 0.0922959544158387 -0.0962557715791182 0.13738245627679 -0.0120082152543277
0.0809714653628212 0.0132119472651584 -0.0978663135196626 0.0988653184594128 -0.103780848705831 0.152138526829903 -0.0100198089717627
0.0807596207980978 0.0155685596032197 -0.0956937338229224 0.0979750906548886 -0.102223103892973 0.149740215122724 -0.00242968198164677
0.0824623776956983 0.0174246009328914 -0.104273459747777 0.104729912341031 -0.112295111827859 0.163841635250262 -0.0200661159998927
0.0825468411547304 0.018083811508482 -0.104004357423186 0.10744411129553 -0.107566121042679 0.159236324034623 -0.0136221798849923
0.0317390333879791 0.106584412844229 0.0900906448606195 0.0326140290627842 0.00923255060712292 -0.0596167494501708 -0.039059098800396
0.0282221641456665 0.0901925709225564 0.0758131625102418 0.0204865921475528 -0.0041613102846341 -0.036191255078828 -0.028031598580195
0.0288882809921559 0.0938902697788185 0.0777606037076007 0.0279480186665825 0.000665146779543539 -0.0387602791474831 -0.0242425989312483
0.0305610419162081 0.0939712326377522 0.0783731802709951 0.0284849986049262 0.00363077221365005 -0.0388014707682722 -0.0225132030498638
0.0283334882528105 0.0957246072177837 0.0795735868979743 0.025823507093496 -0.000133733116440278 -0.0428699856711781 -0.0290273886777019
0.0303152300153089 0.091488415123959 0.0743457044741025 0.0328792158311131 0.0041960330318178 -0.0401257933081907 -0.0243422166166787
0.0321943835639205 0.107081518400433 0.0911105252912189 0.0337096792153417 0.0108886333446593 -0.0604468218658004 -0.0389643989575056
0.0297190818840097 0.0961791736801474 0.0747034909383643 0.028725760267357 0.00416268873432408 -0.0433963265821114 -0.0235492079270197
0.0287605505412072 0.0945265921350647 0.0732893655022644 0.0252720952890791 -0.00950998973932882 -0.0315125337629297 -0.0263935378094503
-0.00169191623811862 0.129205975139576 0.0932109589241302 -0.0823466590645357 -0.142898657195526 -0.023718089641367 0.028222893216235
-0.0014931734616063 0.144198382252966 0.109903554074565 -0.102311513195222 -0.181726822489686 -0.0284488556501215 0.0437862674013048
-0.000632396542330293 0.150958552936011 0.122566771796835 -0.116960715160151 -0.210223449719024 -0.0267779496441343 0.0521654799528785
-0.00163877827689929 0.135484330457074 0.0980632251003723 -0.0883208350855953 -0.151277925395053 -0.0224967149742521 0.0360794626613869
-0.00148837354802407 0.140161989294227 0.104175852424507 -0.0964705860866152 -0.166233244816657 -0.0224688165443129 0.0429526356529253
-0.000624716458264097 0.15182256066266 0.123089556311103 -0.117670673858031 -0.21222106147035 -0.0271096647705706 0.0524828237778594
-0.00119195265464901 0.146665042495438 0.112420296654384 -0.101850225292259 -0.185985019748673 -0.0245929355362867 0.0461819629408104
-0.00158175169482174 0.138963115682433 0.10582534066194 -0.0950067922736256 -0.169657879797784 -0.0241279398764037 0.0406943958707081
-0.00333392239852431 0.145475367497199 0.105177909271597 -0.100526509379444 -0.172211837606945 -0.023650949944396 0.0445643130497317
-0.00281645146892909 0.14688030239572 0.113501255631739 -0.108352647763001 -0.192668002079349 -0.0239942149045757 0.0477605217626204
-0.0893696375400478 -0.00288839999140659 -0.0434690338687824 0.0227676741393898 0.0320317092927395 0.000822957598504814 0.00983845531848022
-0.108775374793581 -0.0176030461301127 -0.0394062793951313 0.0276533628021744 0.0236807859105591 -0.0103537331626655 0.00802206567976151
-0.106652415714576 0.0165002833915229 -0.0561046549445606 -0.00118049791371995 0.0427770303450256 0.0108518438454226 0.00457607396918817
-0.109452913833901 -0.00724317360592473 -0.0420815917285019 0.0205276126875003 0.026459952891131 -0.000863126380991876 0.00745496462260854
-0.103445871849199 -0.00962244876106746 -0.0403156492366577 0.0124844641693998 0.0309039028903366 0.00241227676081629 0.00236939606249364
0.0598251124126421 0.0894528265800007 0.0517610687216482 0.141267450424254 0.115169865730714 -0.0586905924565943 0.00434844256491621
0.0604188155662185 0.0884273583915613 0.0512910343542868 0.141199850894147 0.115725305066589 -0.0592089905439067 0.00440353438713767
0.0646584681299798 0.0892321255491965 0.052178313086247 0.144579941649486 0.11690829645796 -0.0576443716567076 0.00693500826451715
0.0658099475874704 -0.0440396752402858 -0.0565446146443217 -0.0395836244627304 0.0253075910620669 -0.070821191108327 -0.0219409644544972
0.0700255203119574 -0.0498342007101783 -0.0592840292745184 -0.0421670136357315 0.0216332734961012 -0.0706364116727774 -0.0321041635460483
-0.108335895701173 0.0464473375408721 -0.0734210653269553 -0.0247463909983119 0.066890105736234 0.0276742268053922 0.00559350013325761
-0.0945108898039448 0.0300136002024403 -0.0582916902057123 0.00449771070461531 0.0462781715493052 0.00824975945357988 0.0149433085229381
-0.0952348191742155 0.0344417683030255 -0.0618036497286107 -0.00200444563829236 0.051943273600424 0.016215847516619 0.00925309948130926
-0.100254754290355 0.0366645528634417 -0.0616990676781891 -0.00611630449817589 0.053878668653401 0.0107238146491274 0.0116210908932965
-0.0981777433722875 0.0365951605738737 -0.0637366152656879 -0.0103150004331062 0.0525269928378705 0.0166546627830281 0.0136909893388546
-0.0949391626704907 0.0350378866814983 -0.0630442839700682 -0.00474956890349407 0.0521228224492989 0.0139499137019923 0.0145210141059186
0.0515457289648006 0.00885400590012262 -0.0753382468715225 0.0828667379105477 -0.0494188024511249 0.103297447419699 0.00710687477413582
0.0533292189767831 0.015438579873782 -0.0640237225789053 0.0855201044694841 -0.0359118518757693 0.0880672837104276 0.0175749750586257
0.0621091722482832 0.00903168860305123 -0.0691040422102317 0.0813484091413662 -0.0402354281418623 0.0932028264403536 0.0254157552934779
0.060677203547674 -0.0487952250227093 -0.0489727162597052 -0.00500981192063227 0.0120005243733398 -0.00105500593491451 0.129209870775493
0.0440319767207662 -0.0425766130614436 -0.0462937885769585 0.0147290431248036 0.00943732660140842 0.00655638708258161 0.10390424441649
0.05397432533473 -0.0407178271584448 -0.0496207589923295 0.00607666067611745 0.006897734614407 0.0110434684995529 0.109088659511639
-0.0638345922373257 -0.0307628525294683 -0.0204877992524805 0.0599603390736807 -0.0116773081149118 0.00934453209187642 0.0059052601423413
-0.059503973959881 -0.0252446708155777 -0.0281344291506857 0.0625038911481292 -0.00971091886250365 0.0137431523410986 0.00463583861415053
-0.0543439965763806 -0.0297612541682603 -0.0236941661901732 0.0638185369128144 -0.0103304612871435 0.017668692227157 0.00650325694608187
-0.0592202949120163 -0.0251134381309762 -0.0285183442519216 0.0628020988502551 -0.00919449387003854 0.0156937762743406 0.0058309292231132
0.0463589331426602 -0.0155632120626868 0.0222870348263003 0.00372797161244451 0.0433285727484369 0.0127192456091162 0.0472185330204651
0.0497985174205473 -0.0187617737814262 0.0224060292318603 0.00371182970299627 0.0426375301526435 0.011823221508935 0.0479121945916396
0.0467788707476242 -0.023421238151661 0.0241370327697484 -0.00543418976731958 0.035770864141021 0.0156976228062415 0.0507485690235517
0.076792798265053 -0.0314710443727458 -0.0719058491602195 -0.0456594748897241 0.017965261067671 -0.101103841686523 -0.166351912334016
0.0727087358154295 -0.0398987286221953 -0.0808691920081484 -0.0455280783913563 0.000157812649666094 -0.0839730510226595 -0.1637320178944
0.0735392889126215 -0.0404951851383194 -0.0792671934530162 -0.0456701925705215 0.0005242568140238 -0.0849161871847156 -0.169749050925694
0.0706391525000486 -0.0396161147165276 -0.0817878896303043 -0.0390656691793152 -0.00118617006589977 -0.0816919675171868 -0.169657848632473
0.0622529591829608 0.073690403552766 0.0412634136425361 0.134567964039446 0.1049868113299 -0.042635686737518 0.00682880899779166
0.0619496868127815 0.0752378596577181 0.0398596418795657 0.136192198535795 0.104373022631645 -0.0423664683169257 0.00435959908811675
0.0626243267700391 0.0787572412892723 0.0442893645608473 0.135863292682419 0.107452925772187 -0.0449802675719234 0.00555069734148683
0.0595104342320736 0.0879420281760085 0.0516132650549082 0.140243376393144 0.112816325577305 -0.0573194146460691 0.00359085160721081
-0.00238160074451241 -0.0741602857829898 0.0912484768730845 -0.0125102508457802 0.043897258876888 0.0831010074639627 -0.0392963910672719
0.0619598751086018 0.0073825358066903 -0.0909360343015062 0.103495112614797 -0.0812906589789427 0.136500471066332 0.00102837665856601
0.0613289473990526 0.00769222077629769 -0.0876266000444198 0.11042270275773 -0.0823299538074228 0.141831440725184 -0.0118762853356006
0.0676470768871637 0.010100957573368 -0.0867213255712855 0.0842541099477715 -0.0622942759739656 0.105777732789955 -0.0457185638944516
0.0700393855644482 0.0102246368074897 -0.090025793601887 0.0878128895699044 -0.0713918574731815 0.118709599711003 -0.0379292739185192
0.0673186626004896 0.00917734017659956 -0.088008956271964 0.0746752115800255 -0.0613515766959853 0.102152357024677 -0.0422133526518919
0.0717761082803898 0.00958919877934735 -0.0862893103704936 0.0765492517658499 -0.052319132994857 0.0947492290260878 -0.0335806559346244
0.0766757353970205 0.0091007102473356 -0.0908616505506753 0.0913465909585823 -0.0697889156566182 0.119103513010292 -0.0367228708274954
-0.0733047503329617 -0.0895687843667785 0.0110535651785684 0.0600623831227644 -0.0146895231636473 -0.0195283675231579 0.0132107986997682
-0.0774913071620867 -0.0890633499335335 0.00914819823350429 0.0643260044488873 -0.0161927472865679 -0.0182528370638164 0.0109761625600293
-0.0911143328301697 0.0415525140266827 -0.060357681065022 -0.00904594633899426 0.0594744434453068 0.0242928491636047 0.00732151290803439
-0.0942007454494858 0.0459226655111188 -0.0622659495881985 -0.0172802873132583 0.0672746775708766 0.0219076509421333 0.00767779422788893
-0.094228140863475 0.0415337875131528 -0.0662502183612066 -0.0170497685258121 0.0658320734530303 0.0285859122090691 0.0102128373532566
-0.0887281299123173 0.0398551608510715 -0.0614102310401959 -0.0124565890395047 0.0642801361182881 0.0255862611084277 0.012662461980944
-0.118208389817544 -0.101529709377427 -0.00162648064734404 0.114081633908719 -0.0747804820196082 -0.0989230288157451 0.0237809886280952
-0.115216022745375 -0.102171077254756 -0.00117161611421314 0.11276340058871 -0.0721788797421087 -0.096120700717738 0.0213482045904161
-0.00288373496905531 -0.118210813983185 0.156349485202776 -0.0425354637513413 0.0614011428628502 0.130837533634257 -0.0584870443802346
-0.00373986595204165 -0.0994266522067772 0.129227229074305 -0.0284211512043939 0.0440752148398384 0.0933827618519327 -0.0371641139198678
0.00132351289892477 -0.0962529038210366 0.121321362088859 -0.0294147217712169 0.041945685106052 0.0865372475793425 -0.0243373943961566
-0.000833380286460452 -0.125316019652113 0.172310593653275 -0.0483456783290346 0.0689316780328756 0.15754966084958 -0.096617358180573
-0.0031334287324933 -0.121994173783245 0.161020569736935 -0.0452035930627791 0.0649176665284521 0.133043126059049 -0.0533275392577017
-0.00262399185660898 -0.108636469899555 0.133230275115343 -0.0333111927966451 0.0519198171739128 0.103903315853764 -0.0318422890080349
0.000399822924337649 -0.125847382088025 0.170687650306228 -0.0503305764580121 0.0692286058248257 0.155251780060877 -0.0912606634092523
-0.00349641936576969 -0.120474718911612 0.151173468113209 -0.0398752781315978 0.0569804784275611 0.120597521554513 -0.0417987086255231
-0.0015679909040319 -0.0972229651072471 0.126194020021616 -0.0283485031185842 0.0423467770393579 0.094326558774954 -0.0369986916555048
-0.00361670953412187 -0.0980955704543463 0.124921758895297 -0.0308404394603737 0.0445914955385917 0.0931317199566281 -0.0356994330726258
-0.00220646405476482 -0.105914853189684 0.135477189395845 -0.0326107360334057 0.0493747718564343 0.100149953185002 -0.0224392590741387
0.00227180762502177 -0.0986079612963017 0.123213533224339 -0.0320435522175209 0.0435223750170493 0.0864636978228614 -0.0221676325816377
-0.00643608768049396 -0.102020801525461 0.136421221103688 -0.0363339473843568 0.0438499662592042 0.109186960832943 -0.0481972510106283
-0.0018866070938789 -0.126517010133674 0.173770209509344 -0.0507645452484966 0.0672416472310154 0.15701673839339 -0.0934807766559768
-0.00481275179664792 -0.119290930321204 0.150879431174838 -0.0385183020925118 0.0543679202641967 0.122073504624029 -0.0492424583315368
0.0869860770993545 -0.0689844696433172 -0.0516123165992524 -0.073136158664431 0.0368386008683493 -0.0421778085676722 0.151655586888182
0.0884720438091074 -0.0682366998769693 -0.0524978642893601 -0.0667496333294861 0.0409514019719558 -0.0421396984972905 0.18376042512532
0.088589611051152 -0.0717213851468726 -0.0522868273644829 -0.0727534337345664 0.0362495462368878 -0.0437896873323842 0.156417474906251
0.0868954089678781 -0.0717310776272 -0.05190512305455 -0.0737701281283454 0.0324639667447731 -0.0402273624555616 0.151633686825091
0.0879324937900328 -0.0705275684738685 -0.0506684586819514 -0.0741178655606743 0.0333765658217161 -0.0394484887397953 0.161716785843274
0.0890721174941767 -0.0731440542844495 -0.0513149404887915 -0.080066190250069 0.0409806589449978 -0.0463502892707567 0.148295189997106
0.0885010332392762 -0.0721947625567689 -0.0503710025878404 -0.0753401795222817 0.0371803432317868 -0.0384242653206172 0.161336240444679
0.0881114568355663 -0.0663597304644976 -0.0523107428617171 -0.0691865088335874 0.0303055459204203 -0.0468534626887431 0.140238486510559
0.0895112408203917 -0.0705449841027521 -0.0524511317848264 -0.0750560130748448 0.0322431249075925 -0.0415070236047628 0.150645936749388
0.0871841227616035 -0.0671753191323792 -0.0523320857145789 -0.0715830576300338 0.0373726989175473 -0.0450815318979521 0.144526658430656
0.0873341454883112 -0.0689676842256582 -0.0519082639599349 -0.070668469039233 0.0396710559675194 -0.0405413793198654 0.166109267632965
0.0884291371569015 -0.0702049297594856 -0.0511266060453032 -0.0727655133268914 0.0342696679728387 -0.0382485203731594 0.150180195408481
0.0877691272072219 -0.0703802538513675 -0.0482219004224766 -0.0699420662159462 0.0360142266504472 -0.0349189378161472 0.158096212574243
0.0880975738996137 -0.07147718835056 -0.0517092148018487 -0.0727032550806773 0.0321697143304884 -0.0404996243944779 0.155928215349249
0.0889338279572928 -0.0711909204525977 -0.0526537477857942 -0.0761689139715983 0.0341435274991653 -0.0444322678860907 0.150524459150928
0.0884252689600964 -0.071305017997009 -0.0567521895982816 -0.0768959221006098 0.0347329884818635 -0.0472352427045575 0.159448173725384
0.0708603376447053 0.0907002834961554 0.0661625674964397 0.139407895284268 0.12397295071408 -0.0646974944241372 0.0147181784945498
0.0685600306687024 0.0930994468589669 0.0643766322539246 0.143296699354371 0.118259067681687 -0.0591120676140228 0.0145384777101552
0.0705642175148146 0.0857130820036461 0.067660048215047 0.138518649483503 0.127407640273157 -0.0623373380692802 0.0220914008157049
0.0684400652314492 0.0938737311219416 0.0690013624420867 0.148065217894278 0.135129137848646 -0.0668700445194161 0.0162764801838105
0.068606560595482 0.0890789863885715 0.0649731497845001 0.143843637037867 0.130713378728649 -0.0602802686808676 0.017309374516221
0.0700520080459642 0.0892407678065636 0.0691487614395065 0.139888098173917 0.130789471128167 -0.0640589872044566 0.0206625424736102
0.0696556635234902 0.0893472531319267 0.0659313044367037 0.14339982540771 0.131395982915837 -0.0611220224453548 0.01885092489875
0.0698431957731214 0.0851648136800287 0.0672203071329255 0.143211626134167 0.132568022945148 -0.0606459785423662 0.0187937200084026
